resize
hastily
cryptic
bungee
hangout


resize-hastily-cryptic-bungee-hangout
22542


citable-grandpa-frighten-splashed-atypical-overplant
cb-gdp-fgh-phd-ypc-vp

cb-gdp-fgh-phd-ypc-vp

  10   42   93   45   95   2e   91   b9
  0100 1002 2103 1011 2111 0232 2101 2321
> 1330 3312 0202 1220 2231 3003 2230 3123

  1330 3123 0202 0122 2231 0033 3022 3312
> 0001 2133 2110 0133 0120 1231 0100 3112

  0001 1332 1021 3013 0120 2311 0001 2311
> 0021 2022 2210 0301 0310 3102 0021 3102

  0021 0222 1022 1030 0310 1023 2100 2310
> 1000 2111 1130 1131 0220 3030 2112 3012

  1000 1112 3011 1113 0220 0303 1212 2301
> 1302 2321 0013 3122 3232 1212 3103 1112

  1302 3212 1300 2312 3232 2121 0331 2111
> 0132 3311 3100 1321 2121 3321 2023 2231

  0132 3113 0031 1132 2121 3213 2320 1223
> 3221 0031 3303 2131 3321 2300 2122 0012

  3221 0310 0333 1213 3321 3002 2221 2001
> 3223 0220 0211 0022 1221 2220 2313 2101



b 0
c 1
d 2
f 3
g 4
h 5
j 6
k 7
m 8
p 9
q a
v b
w c
x d
y e
z f
